mu = 1.412; %Pa s
Q = 17*1000/60/1000000000; %m3/s
d = 2/1000; %m
L = 2; %m
dp = L*32*mu*Q/d^4/100000 %bar
